test_pred/Disconnected=89.99999761581421
test_pred/Disconnected_real=0.0
test_pred/EdgeTypesTV=0.11120560765266418
test_pred/Graph/Clustering_abs_gap=0.01999353563511285
test_pred/Graph/Clustering_gen=0.06993740534327562
test_pred/Graph/Clustering_real=0.04994386970816277
test_pred/Graph/ConnectivityAgreement=10.0
test_pred/Graph/DegreeAssortativity_abs_gap=0.10113081356312426
test_pred/Graph/DegreeAssortativity_gen=-0.14976379498914733
test_pred/Graph/DegreeAssortativity_real=-0.04863298142602307
test_pred/Graph/DegreeMMD=0.04193241121039781
test_pred/Graph/EdgeOverlapRate=0.6834479904582217
test_pred/Graph/LCCSize_abs_gap=41.19999999999999
test_pred/Graph/LCCSize_gen=435.5
test_pred/Graph/LCCSize_real=476.7
test_pred/Graph/PowerLawAlpha_abs_gap=0.3724177923454617
test_pred/Graph/PowerLawAlpha_gen=2.1182612081515835
test_pred/Graph/PowerLawAlpha_real=2.490679000497045
test_pred/Graph/Triangles_abs_gap=462.1
test_pred/Graph/Triangles_gen=664.5
test_pred/Graph/Triangles_real=202.4
test_pred/MaxComponents=74.0
test_pred/MaxComponents_real=1.0
test_pred/MeanComponents=36.099998474121094
test_pred/MeanComponents_real=1.0
test_pred/NodeTypesTV=0.050765667110681534
test_pred/NumNodesW1=0.0
